Type  Block  Subcomponent  X  Y  Z
8     2     1   -2.67500E+02    1.32500E+02   -2.69792E+01     9
8     2     1   -2.67500E+02    1.17500E+02   -2.46875E+01     4
8     2     1   -3.02500E+02    4.25000E+01   -8.64583E+00     8
8     2     1   -2.77500E+02    9.75000E+01   -2.01042E+01     9
8     2     1    3.17500E+02    1.17500E+02   -2.46875E+01     9
8     2     1    3.17500E+02    9.75000E+01   -2.01042E+01     9
8     2     1    3.22500E+02    9.75000E+01   -2.01042E+01     9
9     2     1    3.27500E+02    1.02500E+02   -2.01042E+01    11
8     2     1    3.72500E+02    5.25000E+01   -1.09375E+01     8
8     2     1    3.82500E+02    4.75000E+01   -1.09375E+01     9
3     2     1    3.22500E+02    1.32500E+02   -2.69792E+01   100
3     2     1   -2.67500E+02    1.17500E+02   -2.46875E+01   100
3     2     1    3.22500E+02    1.12500E+02   -2.23958E+01   100
3     2     1    3.22500E+02    9.75000E+01   -2.01042E+01   100
3     2     1   -2.77500E+02    8.75000E+01   -1.78125E+01   100
3     2     1   -2.67500E+02    7.25000E+01   -1.55208E+01   100
8     1     3   -1.57500E+02    2.37500E+02   -5.27143E+01     8
8     1     3   -1.52500E+02    2.37500E+02   -5.27143E+01     8
8     1     3   -1.47500E+02    2.37500E+02   -5.27143E+01     8
8     1     3   -1.22500E+02    2.42500E+02   -5.52857E+01     9
8     1     3   -1.22500E+02    2.47500E+02   -5.52857E+01     8
8     1     3   -1.17500E+02    2.47500E+02   -5.52857E+01     4
8     1     3   -1.12500E+02    2.47500E+02   -5.52857E+01     2
8     1     3   -7.25000E+01    2.77500E+02   -6.55714E+01     8
8     1     3   -7.75000E+01    2.67500E+02   -6.30000E+01     8
8     1     3   -6.75000E+01    2.77500E+02   -6.55714E+01     8
8     1     3   -5.25000E+01    2.67500E+02   -6.30000E+01     8
8     1     3   -4.75000E+01    2.67500E+02   -6.30000E+01     8
8     1     3   -4.25000E+01    2.67500E+02   -6.30000E+01     8
8     1     3    4.25000E+01    2.67500E+02   -6.30000E+01     8
8     1     3    4.75000E+01    2.67500E+02   -6.30000E+01     8
8     1     3    5.25000E+01    2.67500E+02   -6.30000E+01     8
8     1     3    6.75000E+01    3.07500E+02   -7.58571E+01     8
8     1     3    7.25000E+01    3.07500E+02   -7.58571E+01     8
8     1     3    8.25000E+01    3.22500E+02   -8.10000E+01     8
8     1     3    7.25000E+01    2.82500E+02   -6.81429E+01     8
8     1     3    7.75000E+01    2.82500E+02   -6.81429E+01     8
8     1     3    8.25000E+01    2.82500E+02   -6.81429E+01     8
8     1     3    1.62500E+02    2.67500E+02   -6.30000E+01     8
8     1     3    1.67500E+02    2.67500E+02   -6.30000E+01     8
9     1     3    6.75000E+01    2.97500E+02   -7.07143E+01     8
2     1     3    7.25000E+01    3.27500E+02   -8.10000E+01   100
2     1     3    7.75000E+01    3.27500E+02   -8.10000E+01   100
3     1     3    6.75000E+01    3.07500E+02   -7.58571E+01   100
3     1     3    7.25000E+01    3.07500E+02   -7.58571E+01   100
3     1     3    6.75000E+01    3.02500E+02   -7.32857E+01   100
3     1     3    7.25000E+01    3.02500E+02   -7.32857E+01   100
3     1     3    7.75000E+01    3.02500E+02   -7.32857E+01   100
3     1     3    8.25000E+01    3.02500E+02   -7.32857E+01   100
3     1     3    9.25000E+01    2.92500E+02   -7.07143E+01   100
3     1     3    9.75000E+01    2.92500E+02   -7.07143E+01   100
3     1     3    1.02500E+02    2.92500E+02   -7.07143E+01   100
3     1     3    7.75000E+01    2.82500E+02   -6.81429E+01   100
3     1     3    8.25000E+01    2.82500E+02   -6.81429E+01   100
2     1     3    6.75000E+01    2.87500E+02   -6.81429E+01   100
3     1     3    5.75000E+01    2.77500E+02   -6.55714E+01   100
3     1     3    6.25000E+01    2.77500E+02   -6.55714E+01   100
2     1     3    2.75000E+01    2.72500E+02   -6.30000E+01   100
8     2     3   -2.37500E+02    1.92500E+02   -4.30208E+01     8
8     2     3   -2.07500E+02    1.67500E+02   -5.44792E+01     8
8     2     3   -2.32500E+02    1.87500E+02   -4.53125E+01     8
8     2     3   -1.97500E+02    1.57500E+02   -5.90625E+01     6
9     2     3    2.02500E+02    1.57500E+02   -5.90625E+01     9
8     2     3    2.32500E+02    1.92500E+02   -4.30208E+01     8
2     2     3   -2.42500E+02    1.97500E+02   -4.07292E+01   100
8     2     6   -3.52500E+02   -1.17500E+02   -1.32292E+01     8
8     2     6   -2.82500E+02   -5.25000E+01   -4.30208E+01     2
8     2     6   -1.72500E+02   -2.50000E+00   -6.59375E+01     8
8     2     6   -1.67500E+02   -2.50000E+00   -6.59375E+01     8
8     2     6    2.47500E+02   -1.75000E+01   -5.90625E+01     8
8     2     6    2.72500E+02   -2.75000E+01   -5.44792E+01     8
8     2     6    4.12500E+02   -7.75000E+01   -3.38542E+01     8
8     2     6    4.12500E+02   -7.25000E+01   -3.38542E+01     8
8     2     6    4.32500E+02   -9.75000E+01   -2.46875E+01     8
8     2     6   -1.77500E+02    1.25000E+01   -7.28125E+01     8
8     2     6   -1.67500E+02    2.50000E+00   -6.82292E+01     8
8     2     6   -3.57500E+02   -1.17500E+02   -1.32292E+01     3
8     2     6    4.52500E+02   -1.12500E+02   -1.78125E+01     9
8     2     6    4.52500E+02   -1.07500E+02   -1.78125E+01     4
